#Data
revenue.1000 <- c(14574.49, 7606.46, 8611.41, 9175.41, 8058.65, 8105.44, 11496.28, 9766.09, 10305.32, 14379.96, 10713.97, 15433.50)
expenses.1000 <- c(12051.82, 5695.07, 12319.20, 12089.72, 8658.57, 840.20, 3285.73, 5821.12, 6976.93, 16618.61, 10054.37, 3803.96)

#Questions:
#profit for each month
#net profit after 30% tax rounded to two decimal points
# profit after tax
#profit margin
#good months (where profit after tax was greater than the mean of the year)
#bad months (where profit after tax was lesser than the mean of the year)
#best month
#worst month
#Present your analysis in a table giving each column name by Jan-Dec(matrix)